ι
m
Ι ι

85

111] 1110111ι ,111111111111011111111(101101110. (110 1101110111. 1111111 010. als
00110 1101-1001111111011 1001.

110111011 1111 is 00110 hengst 011100001111110 11011001111111110111. Zij
1101110011 111001-1111111111110 1011001100. 1100110111 11110 1111110101( 011
1011011111 11011 1111111110 11111111111111111011011. ,111 (10 11111110-110111011
1111101 1111101110011 1100111 11] 0011110111· 11101 (1011100110 1101111110111011.
1111111· 10 10011111110111001(10111110111011 1101 0111111111111111 11111. 11011
0111011111110 1111111-1101110. als 111. (10 ardu-itis 1111011 001101· 1011 11111,
100010 11101 1101 111 111111111111111111. 10011111110111, is (10 1111111111 Ι
1101111111101. ’1011111 111011 (11111 1101(101101011110111110111οι11 van 1101
1101101111 (101 111011101111011 011-1111111 1111110 0111011011.

11001111, 1111101 11101 11111111110111, 111111101111110 1011111111 110110111οι1
1111] 11101 (10 1111111001(101111100.11 luxu 1101100. 11110 11] 0011
11111111101110, 111111110011011111] (10 11001 11010010, 11001 110101111110,
1101-10101110 υ11111101· 1011 111011111111“ (10 1111101110 101111οι1, (10 11111111,
0111111110 010. 1101111] 1001110111 (1111101011.

Mam· 011 (10 111100110-1101110111111101- 1111101110011, 1011101011- (10
1110011111 0110111010111011, 111] 111010 101011110011101111011 1101 1110010-
1111111110. Bij 10 1110010 0111110111111111) 101100111011] 110111101
00111, 0111101111 1101 1011111101) 111] (10 (1(101 0110110101. 0111011011-
(101111011 0111101111οι· 1111110111111011, 1101111101 01001· 11] 00101 0101
11110110110101 110111110011011, 1111311 (1111111111011011.

En 0100110011 1111 10 0111111110, 1110111011 1111111111 111110, 11011· 101Ι
(101101110111111001111110 111100110110111011 1101111011, 10111101 111 1001111
10010 1111101110 (0111100110,1101111011101110111111] 11111 100111 111101
1101 0111101101110 10 11111011110110101(1011.

01110 1111 01010101 1111 1101 1110110111( 00111011, (1111· 111100110-

110111011, na (101011101011 11011110111011000110111011011101 1010111011.

¹) Overal waar ik spreek van het epidemisch verschijnen der 11101, 1111111111(
11001110 een oud spraakgebruik. Ik wil (1011111100 101011011111101110101111 1101111011,
dat 111 bij dit 0111101011 der 11100, 1100 011101110οη 1011110111 0011, aun 0011
1111001110 (101111, 0100110011 men sedert 1401(1111101110,(11111011111111111111011-
contagieuse ziekten de 11100,1001011(1011101111 11115011111110001111110111010111111,
1111111 het 00110011, met temperatum, tijd, plaats 010.

 

