44

deze kwestie als 1111 1111111111 0111 11111111111111111111 1111111111
op te wetten.

1111111111 Η11111, Η11111, 1711111111, 1111 111111 111111 111 wa-
1111111 1111 111 1111111111 1111111, 11111111 1111111111 111111 nieuwe
strijders op. En het 1101111111111111111 1111111111 11111 11111, die
als een 1111111111 111 11111111 (1111111111111, 111 111111· niet tot
rust 111 11111111, 1111111111 11111 11 1111111111. Na Simon, Ge.-
11111111111111 111111111111, <lio 1111 (111111 11111111 111111111111111,
Η11111 111111 111 111111 11111111111111111---11111111 auteurs 111
01111111, die de epidvmiv 1111 ,11111111 11111111, wil ik 1111
1111111· 1111111111-1111111111111 11111 111 111111 111111-1111111111111111(11
111 Frankrijkis 1111 1111111111, Ρ1·111111111· 111 1111111111 1111111111
11 Parijs (111111111111111111111111) 1111111111· 1111 1111 11111 11111·-
11111· (in 111 111111111111111 1111111111111111111111111111111111884111111
111 1111111111 1111111111 11111111111111111 1111 11111 1111111, 11111· 111111
daurom 11111111 1111111111 11111111111111 11111111111 (yaws, pians)
1111111111111. 1111111111 111111 11111. 1111111111, 111 1111111111111111111

1111111111, 111 1111111· 1111 1111111 11111111111111. 11111 1111111 11111111

1111111, wat 11111 1111111111) 11. 31]. 111 185 11111111111111 11111.
111. 1111111, 11111111 11111111111111111111111 work, komt 11111111
1111 81111111· 11 11111111 wat 11111111 1111111111 - 111 11111-
111111111 1111111111. In (11, 11111111 11111 1111111 11 111 1111111111111
Prof. 0. 11111 1111111111111111111111 11111111 .,1)1’1 11111111111111111
1111· 8111111111 111 11111·11111,” 1111111111 Mod. 111111111111111- 1893
111. 44, 1111111111. 11111111 hij 11111 (11 11111 1111 Hispaniola 1111
11111111.

11111 11111111111111, 1111 11111 111. 111111111111111 111111111111111-
111111111111, 11111111 1111 111111111- 111111111111111111.

Prof. Β1111 11111111 11111111 aldus: 111 1111111111111111 11111
1111111111· 111 Europa 111 111 1111111111 11111111 111111· 11 werd door
(1111111111 111111111111111 111 ,,111111·111111” 1111111111. 1111 11 111
1111111111111 1111111111. Naar 11111111 1111111111 11111111111111111,

1111111 11111111111111111 111. 11111, 1111 11111, 1111111 111111111111 111

 

