98

1111 1111111111 11 bien 1111111111, qu'on 111111111111111 (11 tout 1111
et 111 tout 11111, 111 uns 1111111 111 1111111111 jusqu’au conde,
1111111111 111 tout 11 11111 1111111111 11111111, 111111111111111111111111
11111111 ou de 111 1111111 11111 111 111111.1“111111’ῑ1 1111111 11111111 11111111
et la 11111 111 ceux, qui 11 1111111111 111111.

Pag. 111. si l’on 1111111111 1111111 1111111111 915 11111 ceux 1111
1111111111, 1111111111 111 1111111 11 111111 111111,11111111111111181111111111,
1-11. 111 11139, 1911, 111 1989, 1995. ’1999 11’11119,11.11·11 111
11111111111111 11111 1111 111111 111 1711111111, 111 9111111111 111 la 111
1111111111, 11 1111 1111111111 111 1111111111 St. Antoine. 111 111111 111111-
1111111, 111111 a 111 (111111111111 1111111 11111111111111111111111111111111111.

Pam. ⁸271. Ι1111111111 &galement 1111111111 1111111111, qn’il 11111
[stus 1111111111 1111111111ιὲ 111111 111 1111111 1111111 1111· 111 1111111111, qui
1111 11111111 111 1’111111111994,996,11119, 11111, 1231, 1373,111.
11111-11-11111 que la 1111111111, 1111111111111111 1111111, (11111111111111111,
1111111111. 111 11111111 11111111111111111, soit dans 111 1111111111. 1111111111
111 1111111, 1111111 11111111111111. 11111 1111111111 1111111, 1111-111111111111111111
21 11111111 111. 11, 1111111111 1111111111, 1111111111111111 111111111111.

1111. 212. 111111111 (111 11111 111-111 11111. 111111, qui 1111111111111111
1111111111, 111 11111111 111, 11111 1111111111, 1111111111 111111 111 1111111111111111111
111 111-11 111 111111, 11111111111111 1111111 11111111 11111111, 1111111111
111111111111 11111111111111 111 11 1111111, 111 1111111111,111111111111111111111111
111111 111111 (lus 1111111111. 11111111111111111 (11. 111111, 1111111111111111111
1111111111 111 111111111111111111111111, 1111111. 11 1111111. .

’ 11· 11111111 1111111111111 1111111 111111111111111111111111111111111111111111111

111111 11111 1111111 111 111111, quo les 11111111111 11111111111111111111

1111113, 11111 1111111111111111111111111111. ’111 111. 11 111111 11111.111111111111

111-111111 111 ’11111-1, 1111111111 11 fit 1111111111111111111111111111111

11 1’1 111111.

11111111 1111111111111111111111111 (11111 111 1111111111, 11111111111111
vinario) 11 111 11 1111111111 1111111. 1111111111111. (1111111 11111111- 1111111111
1111111 1111111111. 1111111 1111111111, 11111 1111 11111111. 111111. 11111111111111
111 1111111. 111. 111 1111 111 1111111111, 1111111111 1111111111Ι fois 111111111,111111
1,.. ..111111 11111, 111111 111111 111111 11111111111111 11111111111111111111.11111111

1111111111 11111111111111111111 11111 11 1111111111, 111 1,·1111111111111,111

vus-{ffr- 11111’·1·11“111111 ut 1111111111 le 1111111111,(111111111111111111111111111

1· 21· 111 11111111 1111111111. Nous 11111111Ι 1111111111111111111111111-
, 111·- 11 1111 St. ,11111111Ι 11111111111111111111111111111111111111111111

ful-ww· 11 1111111 111 1111111111. 11111111 1111111111. 11111111111111-
-τ ², ·1÷··l 1111· 11111111.11111111111111111111111111111111111111111
- ;;·· 1111111111 11 1111ι’-11111111”.111 .....

 

