49

Naarik 0166016 660 161161· 00611611 0001· 1611611116 6110160
100 0016116661111 1161001. Η61 110011 1011 10611 1001, 101 1611001-
00010616116111001 tegen de stelling‚ 101 6111111116 1016 111111611-
660160 1001110101601116116160, 1001011111601111. 21 meegedeelde
100161 1611616016 16 pori uit (101100611111100. En 100111166 161-
1011 1161 1001 1611- 611 16160610111616 1011 16 6110116616 161·-
11011161 161 6111111666116160110111 16166116 11101161 101 (16 nude 60
011116066016616 011660 „den 86100161· 016 11160616 6111111111-
(16111001110011611611 111611 10011160” (Simon). Gaarne geef ik
106101 (16 16111116 100 111 16111001 11161 bij allen 11661001 611 11001-
blijkelijk 111 16 661616 111160 1011 1161 1061611 161 1110016 6111161016
106161101611 11610011.

11001 - 111661 161011 101 Ρ101. Β101 611 11106 0110060160
100116 „Einschleppung der 8111111116,” 116 100 616011060 0161 16
1066111011 100 Ρ101. Βο11161 (1. 6. 1111. 341) 1016111001611011 de
1611611160 1011 011610, 16 1610 (00111011 Η111160 611106 Casas).
Η611001 11111 1001, 101 16616 16 1001116116111116 8111601161 16116
eerstgenoemde 81001001160 1011061116 heeft afgewezen. (8111611-
gel Dl. III § 87). Ηο6 10011616611110116 legende der Ameri-
10006616001611100111016 1616111 De 0116, 116 haar het 66161
1011010666111616001. 86110006. 116616 8111601161 11011 ’6 01006
1066111011 16110611, 1001 86101006 (16 (811·001611111111) 1518, 10
1111 en 1110016 161 0161110016 van 81101116, 1001· 16 1161116
1110661 1610101166111110, 0161 016 66016611161111 getuige 100
01116160. Ε11 101 16. 01111161100110014972 101 1518 0011 0161110111

1001611, 116 81101116 60 1106111ςο 11616161 haddon, 1616 0161 16

1161101061 uit Amerika 11011601161601 1611100111. 0166100111060
een dergelijke 1061616611011 161 66161 1011 8110006616 0116611 100
1611061160, 6111611611 10161 (16 1161 16116016 8110111001160, 116
1161 1518 016110 11166 60116160, 11161101· 1016110, Petrus Ρ111101·,
Villalobos 60 1111061101· -- op Villalobos 110 16 110160 10 (16
611116 100 1111161006 - 1016116111 0161 0161 11061110, 10001· 106160

de 0111011611 611616.
4

 

